<?xml version="1.0"?>
<opencv_storage>
<camera_matrix type_id="opencv-matrix">
  <rows>3</rows>
  <cols>3</cols>
  <dt>d</dt>
  <data>
    9.0000028530291922e+02 0. 9.6000170049033068e+02 0.
    9.0000081122898951e+02 5.3999933675162220e+02 0. 0. 1.</data></camera_matrix>
<distortion_coefficients type_id="opencv-matrix">
  <rows>1</rows>
  <cols>5</cols>
  <dt>d</dt>
  <data>
    -2.5910539588799581e-06 1.7431391827295757e-06
    -1.0343909222970585e-07 1.0985961962398811e-06
    -3.7979369828690706e-07</data></distortion_coefficients>
</opencv_storage>
