<?xml version="1.0"?>
<opencv_storage>
<camera_matrix type_id="opencv-matrix">
  <rows>3</rows>
  <cols>3</cols>
  <dt>d</dt>
  <data>
    9.0000018062908680e+02 0. 9.6000003372866308e+02 0.
    9.0000028665749380e+02 5.3999947036784295e+02 0. 0. 1.</data></camera_matrix>
<distortion_coefficients type_id="opencv-matrix">
  <rows>1</rows>
  <cols>5</cols>
  <dt>d</dt>
  <data>
    -1.3882037009796940e-06 2.1196186128679260e-06
    -3.3178266413690210e-08 2.9294099285084489e-08
    -7.7890085285027368e-07</data></distortion_coefficients>
</opencv_storage>
