<?xml version="1.0"?>
<opencv_storage>
<camera_matrix type_id="opencv-matrix">
  <rows>3</rows>
  <cols>3</cols>
  <dt>d</dt>
  <data>
    9.0279436303844818e+02 0. 9.1304683940966549e+02 0.
    9.0759746581500553e+02 5.3712095584254689e+02 0. 0. 1.</data></camera_matrix>
<distortion_coefficients type_id="opencv-matrix">
  <rows>1</rows>
  <cols>5</cols>
  <dt>d</dt>
  <data>
    1.0682765626764266e-02 -1.4202964197682674e-02
    4.6954605674052454e-04 -1.7250472263325958e-02
    8.2966670271480639e-03</data></distortion_coefficients>
</opencv_storage>
