<?xml version="1.0"?>
<opencv_storage>
<camera_matrix type_id="opencv-matrix">
  <rows>3</rows>
  <cols>3</cols>
  <dt>d</dt>
  <data>
    8.9999862291183160e+02 0. 9.5999928023641553e+02 0.
    8.9999840937428019e+02 5.4000027215453463e+02 0. 0. 1.</data></camera_matrix>
<distortion_coefficients type_id="opencv-matrix">
  <rows>1</rows>
  <cols>5</cols>
  <dt>d</dt>
  <data>
    1.2931054709060139e-06 -7.5122212113820506e-07
    2.5559102463359382e-08 -1.6562109465005543e-07
    -3.6561462434978987e-07</data></distortion_coefficients>
</opencv_storage>
