<?xml version="1.0"?>
<opencv_storage>
<camera_matrix type_id="opencv-matrix">
  <rows>3</rows>
  <cols>3</cols>
  <dt>d</dt>
  <data>
    8.9999862291181876e+02 0. 9.5999928023643793e+02 0.
    8.9999840937426757e+02 5.4000027215452917e+02 0. 0. 1.</data></camera_matrix>
<distortion_coefficients type_id="opencv-matrix">
  <rows>1</rows>
  <cols>5</cols>
  <dt>d</dt>
  <data>
    1.2931055602813359e-06 -7.5122224561938799e-07
    2.5559101900197632e-08 -1.6562108580509755e-07
    -3.6561457509547028e-07</data></distortion_coefficients>
</opencv_storage>
