<?xml version="1.0"?>
<opencv_storage>
<camera_matrix type_id="opencv-matrix">
  <rows>3</rows>
  <cols>3</cols>
  <dt>d</dt>
  <data>
    9.0279436599766518e+02 0. 9.1304681409079058e+02 0.
    9.0759747006314137e+02 5.3712095420378455e+02 0. 0. 1.</data></camera_matrix>
<distortion_coefficients type_id="opencv-matrix">
  <rows>1</rows>
  <cols>5</cols>
  <dt>d</dt>
  <data>
    1.0682772325565111e-02 -1.4202973500609719e-02
    4.6954638852577448e-04 -1.7250481744478994e-02
    8.2966737065359765e-03</data></distortion_coefficients>
</opencv_storage>
