<?xml version="1.0"?>
<opencv_storage>
<camera_matrix type_id="opencv-matrix">
  <rows>3</rows>
  <cols>3</cols>
  <dt>d</dt>
  <data>
    8.9999987395372762e+02 0. 9.5999955068780673e+02 0.
    8.9999913542551087e+02 5.4000099526057147e+02 0. 0. 1.</data></camera_matrix>
<distortion_coefficients type_id="opencv-matrix">
  <rows>1</rows>
  <cols>5</cols>
  <dt>d</dt>
  <data>
    -3.1131611381422558e-06 4.8616007365743835e-06
    -3.4693144135821857e-08 -2.1286361623624535e-08
    -2.8359825058338518e-06</data></distortion_coefficients>
</opencv_storage>
