<?xml version="1.0"?>
<opencv_storage>
<camera_matrix type_id="opencv-matrix">
  <rows>3</rows>
  <cols>3</cols>
  <dt>d</dt>
  <data>
    8.9999890239502690e+02 0. 9.6000101550803947e+02 0.
    8.9999914192926269e+02 5.4000052124108663e+02 0. 0. 1.</data></camera_matrix>
<distortion_coefficients type_id="opencv-matrix">
  <rows>1</rows>
  <cols>5</cols>
  <dt>d</dt>
  <data>
    7.2230428041174487e-06 -1.4986968672408160e-05
    2.0985538125657695e-07 3.5555559570242478e-07 9.3900280195794544e-06</data></distortion_coefficients>
</opencv_storage>
