<?xml version="1.0"?>
<opencv_storage>
<camera_matrix type_id="opencv-matrix">
  <rows>3</rows>
  <cols>3</cols>
  <dt>d</dt>
  <data>
    8.9999987395434891e+02 0. 9.5999955070450972e+02 0.
    8.9999913542733145e+02 5.4000099525843314e+02 0. 0. 1.</data></camera_matrix>
<distortion_coefficients type_id="opencv-matrix">
  <rows>1</rows>
  <cols>5</cols>
  <dt>d</dt>
  <data>
    -3.1131531055129392e-06 4.8615932406816407e-06
    -3.4693278110384653e-08 -2.1280941277100434e-08
    -2.8359791867518359e-06</data></distortion_coefficients>
</opencv_storage>
