<?xml version="1.0"?>
<opencv_storage>
<camera_matrix type_id="opencv-matrix">
  <rows>3</rows>
  <cols>3</cols>
  <dt>d</dt>
  <data>
    9.0000018062908669e+02 0. 9.6000003372866468e+02 0.
    9.0000028665749380e+02 5.3999947036784329e+02 0. 0. 1.</data></camera_matrix>
<distortion_coefficients type_id="opencv-matrix">
  <rows>1</rows>
  <cols>5</cols>
  <dt>d</dt>
  <data>
    -1.3882037003117924e-06 2.1196186117543666e-06
    -3.3178266393780422e-08 2.9294099910550376e-08
    -7.7890085245813999e-07</data></distortion_coefficients>
</opencv_storage>
