<?xml version="1.0"?>
<opencv_storage>
<camera_matrix type_id="opencv-matrix">
  <rows>3</rows>
  <cols>3</cols>
  <dt>d</dt>
  <data>
    8.9999890239502702e+02 0. 9.6000101550803947e+02 0.
    8.9999914192926281e+02 5.4000052124108606e+02 0. 0. 1.</data></camera_matrix>
<distortion_coefficients type_id="opencv-matrix">
  <rows>1</rows>
  <cols>5</cols>
  <dt>d</dt>
  <data>
    7.2230428053629683e-06 -1.4986968675076980e-05
    2.0985538124466671e-07 3.5555559571365930e-07 9.3900280209843856e-06</data></distortion_coefficients>
</opencv_storage>
